start_height = 1.6
stop_height = 0.5
start_point = 12
v0 = 0.4
tau_dot = 0.75
buf_size = 1
order = 1
len(r) = 117

+-------+---------------+--------+------------------+-----------------+------------------+-------------------+-------------+
|   r   |       t       | r_filt |        v         |       tau       |      v_need      |       a_need      | cmnd,marker |
+-------+---------------+--------+------------------+-----------------+------------------+-------------------+-------------+
| 1.169 |  5.2338039875 | 1.169  |       0.0        |       0.0       |       0.0        |        0.0        |     0.01    |
| 1.167 | 5.29390597343 | 1.167  | -0.0332767706259 |  -35.069508791  |       0.0        |        0.0        |    -0.01    |
| 1.163 | 5.36282396317 | 1.163  | -0.0580399982011 |  -20.0379055142 |       0.0        |        0.0        |    -0.01    |
| 1.165 | 5.42491483688 | 1.165  | 0.0322108529037  |  36.1679339409  |       0.0        |        0.0        |    -0.01    |
| 1.162 | 5.49987792969 | 1.162  | -0.040019693529  |  -29.0357046127 |       0.0        |        0.0        |    -0.01    |
| 1.161 | 5.55619382858 | 1.161  | -0.017756974844  |  -65.3827586174 |       0.0        |        0.0        |    -0.01    |
| 1.157 | 5.68980789185 | 1.157  | -0.0299369684771 |  -38.6478677988 |       0.0        |        0.0        |    -0.01    |
| 1.155 | 5.75312185287 | 1.155  | -0.0315886096446 |  -36.5638124943 |       0.0        |        0.0        |    -0.01    |
| 1.152 | 5.82434487343 | 1.152  | -0.0421212127298 |  -27.3496398926 |       0.0        |        0.0        |    -0.01    |
| 1.151 |  5.8843588829 | 1.151  | -0.0166627760541 |  -69.0761249065 |       0.0        |        0.0        |    -0.01    |
| 1.148 | 5.95381498337 | 1.148  | -0.0431927502403 |  -26.5785344442 |       0.0        |        0.0        |    -0.01    |
| 1.148 | 6.01382803917 | 1.148  |       0.0        |     -1148.0     |       0.0        |        0.0        |    -0.01    |
| 1.151 | 6.08538985252 | 1.151  | 0.0419217996215  |  27.4558823903  | 0.0419472475984  | 0.000381719653238 |    -0.01    |
| 1.146 | 6.14575886726 | 1.146  | -0.0828239457201 |  -13.8365781784 | -0.0827241812351 |  0.00149646727414 |    -0.116   |
| 1.143 | 6.21768903732 | 1.143  | -0.041707116743  |  -27.4053947926 | -0.0416817524445 | 0.000380464476599 |    -0.056   |
| 1.136 | 6.27550292015 | 1.136  |  -0.12107818499  |  -9.38236727033 | -0.120863103903  |  0.00322621630291 |    -0.171   |
|  1.13 | 6.34512996674 |  1.13  | -0.0861734095337 |  -13.1130937735 | -0.0860638836265 |  0.00164288860855 |    -0.121   |
| 1.124 | 6.40766191483 | 1.124  | -0.0959509528058 |  -11.7143182755 | -0.095814437602  |  0.00204772805702 |    -0.135   |
|  1.12 | 6.47589087486 |  1.12  | -0.0586261317455 |  -19.1041088104 | -0.0585749855651 | 0.000767192706125 |    -0.081   |
| 1.111 | 6.53815603256 | 1.111  | -0.144543117411  |  -7.68628780047 | -0.144229695377  |  0.00470133051102 |    -0.204   |
| 1.106 |  6.6067199707 | 1.106  | -0.0729246326214 |  -15.1663431168 | -0.0728444939529 |  0.0012020800278  |    -0.102   |
| 1.101 | 6.66829800606 | 1.101  | -0.0811977837748 |  -13.5594833851 | -0.0810979793532 |  0.00149706632378 |    -0.114   |
| 1.089 | 6.80249285698 | 1.089  | -0.0894222089565 |  -12.1781827211 | -0.0892998286159 |  0.00183570510897 |    -0.126   |
| 1.081 | 6.86508893967 | 1.081  | -0.127803524702  |  -8.45829567313 | -0.127551693976  |  0.00377746089878 |    -0.18    |
|  1.07 | 6.93583989143 |  1.07  |  -0.15547494027  |  -6.88213803551 | -0.155098422247  |  0.00564777033923 |    -0.219   |
| 1.061 |  6.9960269928 | 1.061  | -0.149533700677  |  -7.09539050526 | -0.149182454563  |  0.00526869171493 |    -0.211   |
| 1.054 | 7.06479287148 | 1.054  | -0.101794671058  |  -10.3541765894 | -0.101630816614  |  0.00245781666411 |    -0.144   |
| 1.048 | 7.12593388557 | 1.048  | -0.098133799192  |  -10.6792971293 | -0.0979806464798 |  0.00229729068317 |    -0.138   |
| 1.037 | 7.19939494133 | 1.037  | -0.149739203812  |  -6.92537407442 | -0.149378840116  |  0.00540545543831 |    -0.211   |
|  1.03 | 7.25729393959 |  1.03  | -0.120900191891  |  -8.51942402976 | -0.120663673179  |  0.00354778067945 |    -0.171   |
|  1.02 | 7.32774186134 |  1.02  | -0.141948829024  |  -7.1856880188  | -0.141619589317  |  0.00493859560325 |     -0.2    |
| 1.014 | 7.38873291016 | 1.014  | -0.0983750913746 |  -10.3074872494 | -0.0982160240077 |  0.00238601050369 |    -0.139   |
| 1.008 | 7.45929884911 | 1.008  | -0.0850268569981 |  -11.8550777435 | -0.0849073205164 |  0.00179304722494 |    -0.119   |
| 0.995 | 7.51923084259 | 0.995  | -0.216912524416  |  -4.58710257824 | -0.216124399738  |  0.0118218701629  |    -0.302   |
| 0.987 | 7.58865404129 | 0.987  | -0.115235254926  |  -8.56508713961 | -0.115011020479  |  0.00336351671175 |    -0.163   |
| 0.974 | 7.65010404587 | 0.974  | -0.211554093272  |  -4.60402341989 | -0.210788262773  |  0.0114874574898  |    -0.295   |
| 0.965 | 7.72019600868 | 0.965  | -0.128402738897  |  -7.51541601287 |  -0.12811798478  |  0.0042713117503  |    -0.181   |
| 0.955 | 7.78097987175 | 0.955  | -0.164517348772  |  -5.80485892296 | -0.164044993483  |  0.00708532933166 |    -0.231   |
| 0.942 | 7.85511803627 | 0.942  | -0.175348284977  |  -5.37216545985 | -0.174804282482  |  0.0081600374322  |    -0.246   |
| 0.934 | 7.91175293922 | 0.934  |  -0.14125564948  |  -6.61212491989 | -0.140899597401  |  0.00534078118574 |    -0.199   |
| 0.925 | 7.98141884804 | 0.925  | -0.129188008214  |  -7.16010729472 | -0.128887295755  |  0.00451068688275 |    -0.182   |
| 0.913 |  8.0426838398 | 0.913  | -0.195870425429  |  -4.66124478976 | -0.195170074506  |  0.0105052638439  |    -0.274   |
| 0.904 |  8.1124830246 | 0.904  | -0.128941333998  |  -7.01094033983 |  -0.12863480989  |  0.00459786161871 |    -0.182   |
| 0.892 | 8.17236590385 | 0.892  | -0.200391166037  |  -4.45129402479 |  -0.19964085551  |  0.0112546579108  |    -0.28    |
|  0.88 | 8.24337887764 |  0.88  | -0.168983206312  |  -5.2076180776  | -0.168442385781  |  0.00811230795893 |    -0.238   |
| 0.869 | 8.30381894112 | 0.869  | -0.181998485231  |  -4.77476501465 | -0.181363206201  |  0.00952918545063 |    -0.255   |
| 0.861 | 8.37351989746 | 0.861  | -0.114776043537  |  -7.50156542659 | -0.114521038888  |  0.00382506973579 |    -0.162   |
| 0.852 | 8.43479299545 | 0.852  | -0.146883384306  |  -5.80051994324 |  -0.14646134345  |  0.00633061284781 |    -0.207   |
| 0.842 | 8.50362801552 | 0.842  | -0.145274890463  |  -5.7959086895  |  -0.1448571392   |  0.0062662689427  |    -0.205   |
| 0.835 | 8.56597399712 | 0.835  | -0.112276682804  |  -7.43698494775 |  -0.11202506497  |  0.00377426751544 |    -0.158   |
| 0.824 | 8.63473796844 | 0.824  | -0.159967491514  |  -5.15104657953 | -0.159449902551  |  0.00776383444821 |    -0.225   |
| 0.813 |  8.6959939003 | 0.813  |  -0.17957444556  |  -4.52737023614 | -0.178913375829  |  0.00991604597117 |    -0.252   |
| 0.803 |  8.7661318779 | 0.803  | -0.142576109865  |  -5.63207960129 | -0.142154193154  |  0.00632875065509 |    -0.201   |
| 0.794 | 8.82980585098 | 0.794  | -0.141345035721  |  -5.61745940314 | -0.140925673439  |  0.00629043423269 |    -0.199   |
| 0.786 | 8.89660692215 | 0.786  | -0.119758558661  |  -6.56320524216 | -0.119454442623  |  0.00456174057655 |    -0.169   |
| 0.778 | 8.95786499977 | 0.778  | -0.130595022087  |  -5.95734804869 | -0.130229660909  |  0.00548041767159 |    -0.184   |
|  0.77 | 9.02736496925 |  0.77  | -0.115107964213  |  -6.68937206268 | -0.114821171065  |  0.00430189721601 |    -0.162   |
| 0.765 | 9.09344983101 | 0.765  | -0.0756602929504 |  -10.1109838486 | -0.0755355766121 |  0.00187074507495 |    -0.106   |
| 0.759 | 9.15967392921 | 0.759  | -0.0906014602324 |   -8.377348423  | -0.0904212093629 |  0.00270376304224 |    -0.127   |
| 0.755 | 9.21992301941 | 0.755  | -0.0663910440319 |  -11.3720157742 | -0.0662937422499 |  0.00145952673101 |    -0.092   |
|  0.75 | 9.29089999199 |  0.75  | -0.0704453827524 |  -10.646545887  | -0.0703351038201 |  0.00165418398371 |    -0.098   |
| 0.748 | 9.35102701187 | 0.748  | -0.0332629158059 |  -22.4875054359 | -0.0332382629189 | 0.000369793304782 |    -0.043   |
| 0.745 | 9.41890883446 | 0.745  | -0.0441944527373 |  -16.8573192755 | -0.0441507581142 |  0.00065541934656 |    -0.06    |
| 0.744 | 9.48099303246 | 0.744  | -0.0161071582181 |  -46.1906433105 | -0.0161013463779 | 8.71776027768e-05 |    -0.018   |
| 0.744 | 9.55036902428 | 0.744  |       0.0        |      -744.0     |       0.0        |        -0.0       |    -0.01    |
| 0.746 | 9.61265897751 | 0.746  | 0.0321079065922  |  23.2341525555  | 0.0321309387116  | 0.000345481791466 |    -0.01    |
| 0.749 | 9.68185281754 | 0.749  | 0.0433564606161  |  17.2753953934  | 0.0433982893361  | 0.000627430800118 |    -0.01    |
| 0.752 | 9.74302101135 | 0.752  | 0.0490450970151  |  15.3328272502  | 0.0490984086627  | 0.000799674714501 |    -0.01    |
| 0.753 | 9.81211996078 | 0.753  | 0.0144720000552  |  52.0315089226  | 0.0144766357078  | 6.95347893751e-05 |    -0.01    |
| 0.754 | 9.87347698212 | 0.754  | 0.0162980532349  |  46.2631940842  | 0.0163039247322  | 8.80724599627e-05 |    -0.01    |
| 0.763 | 9.94327902794 | 0.763  |  0.128936048994  |  5.91766232914  |  0.129299188023  |  0.00544708542928 |    -0.01    |
|  0.77 | 10.0046849251 |  0.77  |  0.113995565996  |  6.75464868546  |  0.114276842815  |  0.00421915229437 |    -0.01    |
|  0.77 | 10.0730569363 |  0.77  |       0.0        |      -770.0     |       0.0        |        -0.0       |    -0.01    |
| 0.773 | 10.1357078552 | 0.773  | 0.0478843734421  |  16.1430534522  | 0.0479338109846  |  0.00074156313711 |    -0.01    |
| 0.774 | 10.2048099041 | 0.774  | 0.0144713509411  |  53.4849858284  | 0.0144758604156  | 6.76421182362e-05 |    -0.01    |
| 0.779 | 10.2663018703 | 0.779  | 0.0813114347307  |  9.58044834137  | 0.0814528885051  |  0.0021218066168  |    -0.01    |
| 0.783 | 10.3359818459 | 0.783  | 0.0574053014621  |   13.639855206  | 0.0574754455369  |  0.00105216112259 |    -0.01    |
| 0.782 | 10.3974168301 | 0.782  | -0.0162773705065 |   -48.04215765  | -0.0162717236013 | 8.47035775593e-05 |    -0.018   |
| 0.782 | 10.4643938541 | 0.782  |       0.0        |      -782.0     |       0.0        |        -0.0       |    -0.01    |
| 0.787 |  10.528316021 | 0.787  | 0.0782201268887  |  10.0613490582  |  0.078349698855  |  0.00194357949507 |    -0.01    |
| 0.786 | 10.5982348919 | 0.786  | -0.0143022904512 |  -54.9562325478 | -0.0142979529721 | 6.50621857982e-05 |    -0.015   |
| 0.783 | 10.6594798565 | 0.783  | -0.0489836188103 |  -15.9849357605 | -0.0489325461217 | 0.000766090329424 |    -0.067   |
|  0.78 | 10.7303438187 |  0.78  | -0.0423346353772 |  -18.4246301651 | -0.0422963400492 | 0.000574429920681 |    -0.057   |
| 0.777 | 10.7898879051 | 0.777  | -0.0503828369624 |  -15.4219183922 | -0.0503283875788 | 0.000816740753016 |    -0.069   |
| 0.773 | 10.9233138561 | 0.773  | -0.0299791754895 |  -25.7845650315 | -0.0299597975041 | 0.000290669781057 |    -0.039   |
| 0.772 | 10.9861140251 | 0.772  | -0.0159235240297 |  -48.4817304611 | -0.0159180499663 |  8.2110951271e-05 |    -0.017   |
| 0.768 | 11.0556600094 | 0.768  | -0.0575159017748 |  -13.3528289795 | -0.0574441118669 |  0.0010768486188  |    -0.079   |
| 0.765 | 11.1171419621 | 0.765  | -0.0487948067661 |  -15.6778979301 | -0.0487429345838 | 0.000778082734425 |    -0.067   |
| 0.761 | 11.1868629456 | 0.761  | -0.0573715372173 |  -13.2644171119 | -0.0572994501984 |  0.0010813052834  |    -0.079   |
| 0.756 | 11.2474579811 | 0.756  | -0.0825150105841 |  -9.16196937561 | -0.082364906374  |  0.00225156315202 |    -0.116   |
| 0.749 |  11.317168951 | 0.749  | -0.100414612041  |  -7.45907378197 | -0.100190244121  |  0.0033655187955  |    -0.141   |
| 0.748 | 11.3789038658 | 0.748  | -0.0161982891459 |  -46.1777162552 | -0.0161924427874 | 8.76953780933e-05 |    -0.018   |
| 0.742 | 11.4484488964 | 0.742  | -0.0862750357396 |  -8.60040211678 | -0.0861078438755 |  0.00250787796222 |    -0.121   |
| 0.738 | 11.5097739697 | 0.738  | -0.0652261756656 |  -11.3144760132 | -0.0651300949521 |  0.00144121070188 |    -0.091   |
| 0.736 | 11.5786850452 | 0.736  | -0.0290229107994 |  -25.3592758179 | -0.0290038363123 | 0.000286117306818 |    -0.037   |
|  0.73 | 11.6423449516 |  0.73  | -0.0942508454771 |  -7.74528861046 | -0.0940480321923 |  0.00304219927163 |    -0.133   |
| 0.726 | 11.7097418308 | 0.726  | -0.0593499290725 |  -12.2325335741 | -0.059269065572  |  0.0012129525072  |    -0.082   |
|  0.72 | 11.7704329491 |  0.72  | -0.0988612530789 |  -7.28293418884 | -0.0986350135566 |  0.00339359283345 |    -0.139   |
| 0.716 | 11.8404350281 | 0.716  | -0.0571411600422 |  -12.5303721428 | -0.0570651565001 |  0.00114005313232 |    -0.079   |
| 0.716 | 11.9018919468 | 0.716  |       0.0        |      -716.0     |       0.0        |        -0.0       |    -0.01    |
| 0.714 | 11.9721338749 | 0.714  | -0.0284730225107 |  -25.0763683319 | -0.0284540983041 | 0.000283863099052 |    -0.036   |
| 0.714 | 12.0325918198 | 0.714  |       0.0        |      -714.0     |       0.0        |        -0.0       |    -0.01    |
| 0.711 | 12.1023550034 | 0.711  | -0.0430026246719 |  -16.5338745117 | -0.0429592766708 | 0.000650220017115 |    -0.058   |
| 0.708 | 12.1638669968 | 0.708  | -0.0487709767442 |  -14.5168304443 | -0.0487149831431 | 0.000839904015742 |    -0.066   |
| 0.705 | 12.2338080406 | 0.705  | -0.0428932688833 |  -16.4361453056 | -0.0428497740248 | 0.000652422877836 |    -0.058   |
| 0.704 | 12.2940618992 | 0.704  | -0.0165964474939 |  -42.4187164307 | -0.0165899266116 | 9.78132348785e-05 |    -0.018   |
| 0.708 | 12.4286298752 | 0.708  | 0.0297247541277  |  23.8185317516  | 0.0297455535865  | 0.000311991881339 |    -0.01    |
| 0.708 | 12.4911649227 | 0.708  |       0.0        |      -708.0     |       0.0        |        -0.0       |    -0.01    |
| 0.708 | 12.5647308826 | 0.708  |       0.0        |      -708.0     |       0.0        |        -0.0       |    -0.01    |
|  0.7  | 12.6212208271 |  0.7   | -0.141618124726  |  -4.94287014008 |  -0.14114060822  |  0.00716274758958 |     -0.2    |
| 0.681 | 12.6906268597 | 0.681  | -0.273751420425  |  -2.48765832499 | -0.271917356789  |  0.0275109545466  |    -0.377   |
| 0.659 | 12.7520649433 | 0.659  | -0.358084085529  |  -1.84034986929 | -0.354841186887  |  0.0486434796317  |    -0.483   |
| 0.621 | 12.8216328621 | 0.621  | -0.546228788611  |  -1.1368862516  | -0.538221115785  |   0.120115092394  |    -0.705   |
|  0.59 | 12.8830718994 |  0.59  | -0.504565197482  |  -1.16932361357 | -0.497373501479  |   0.107875440047  |    -0.657   |
| 0.551 | 12.9530498981 | 0.551  |  -0.55731802432  | -0.988663520568 | -0.547922882752  |   0.140927123517  |    -0.716   |
| 0.501 | 13.0142788887 | 0.501  | -0.816606635957  | -0.613514485359 | -0.794422790385  |   0.332757683577  |    -0.99    |
| 0.453 | 13.0828900337 | 0.453  | -0.699594795952  | -0.647517681122 | -0.681587699612  |   0.270106445101  |    -0.867   |
+-------+---------------+--------+------------------+-----------------+------------------+-------------------+-------------+