start_height = 1.6
stop_height = 0.4
start_point = 12
v0 = -0.4
tau_dot = 0.5
buf_size = 1
order = 1
len(r) = 52

+-------+---------------+--------+------------------+------------------+-----------------+-----------------+-------------+
|   r   |       t       | r_filt |        v         |       tau        |      v_need     |      a_need     | cmnd,marker |
+-------+---------------+--------+------------------+------------------+-----------------+-----------------+-------------+
|  1.31 |  5.2417318821 |  1.31  |       0.0        |       0.0        |       0.0       |       0.0       |    -0.539   |
| 1.308 | 5.30604290962 | 1.308  | -0.0310988655743 |  -42.0594120026  |       0.0       |       0.0       |    -0.539   |
| 1.302 | 5.37177300453 | 1.302  | -0.091282387592  |  -14.2634305954  |       0.0       |       0.0       |    -0.539   |
| 1.301 | 5.43563580513 | 1.301  | -0.0156585679086 |  -83.0855035782  |       0.0       |       0.0       |    -0.539   |
| 1.289 | 5.50113797188 | 1.289  |  -0.18320004659  |  -7.03602441152  |       0.0       |       0.0       |    -0.539   |
| 1.276 | 5.56579494476 | 1.276  | -0.201061067661  |  -6.34633056934  |       0.0       |       0.0       |    -0.539   |
| 1.258 | 5.63126087189 | 1.258  | -0.274952189494  |  -4.57534090678  |       0.0       |       0.0       |    -0.539   |
| 1.238 | 5.69520878792 | 1.238  |  -0.31275452339  |  -3.95837600231  |       0.0       |       0.0       |    -0.539   |
| 1.218 | 5.76059889793 | 1.218  | -0.305856650113  |  -3.98225769997  |       0.0       |       0.0       |    -0.539   |
| 1.193 | 5.82550501823 | 1.193  |  -0.38517168927  |  -3.09732006073  |       0.0       |       0.0       |    -0.539   |
| 1.166 | 5.88967680931 | 1.166  | -0.420745619641  |  -2.77127068131  |       0.0       |       0.0       |    -0.539   |
| 1.139 | 5.95488500595 | 1.139  | -0.414058375959  |  -2.75081985085  |       0.0       |       0.0       |    -0.539   |
| 1.108 | 6.01977300644 | 1.108  | -0.477746266902  |  -2.31922272713  | -0.470879795917 |  0.102997064774 |    -0.625   |
| 1.078 | 6.08514690399 | 1.078  | -0.458898751997  |  -2.34910205205  | -0.452387061688 | 0.0976753546309 |    -0.603   |
| 1.047 | 6.14919090271 | 1.047  |  -0.48404223066  |  -2.16303440832  | -0.476582922126 |  0.111889628015 |    -0.632   |
| 1.016 |  6.2147629261 | 1.016  | -0.472762595944  |   -2.149070186   | -0.465429772056 |  0.109992358329 |    -0.619   |
| 0.986 | 6.27964782715 | 0.986  | -0.462357181964  |  -2.1325504144   | -0.455130198742 |  0.108404748334 |    -0.606   |
| 0.951 |  6.3438270092 | 0.951  | -0.545348178032  |  -1.74384006092  | -0.534923900595 |  0.156364161558 |    -0.701   |
| 0.917 | 6.40910387039 | 0.917  | -0.520858377375  |  -1.76055534447  | -0.510996747085 |  0.147924454352 |    -0.673   |
| 0.884 | 6.47379994392 | 0.884  | -0.510077323064  |  -1.73307057583  | -0.500266656567 |  0.147159997457 |    -0.66    |
| 0.849 | 6.53965497017 | 0.849  | -0.531470443421  |  -1.59745477949  | -0.520380501048 |  0.166349135589 |    -0.684   |
| 0.817 | 6.60374188423 | 0.817  | -0.499321904762  |  -1.63621902466  | -0.489149633665 |  0.152584066447 |    -0.647   |
| 0.782 |  6.6688117981 | 0.782  | -0.537882992639  |  -1.45384778976  | -0.525550592222 |  0.184986006247 |    -0.69    |
|  0.75 |  6.733948946  |  0.75  | -0.491271126077  |  -1.52665190399  | -0.480544578552 |  0.160898212878 |    -0.637   |
| 0.721 | 6.79837489128 | 0.721  | -0.450129212277  |  -1.60176229477  | -0.440761837902 |  0.140510615635 |    -0.589   |
| 0.685 | 6.86419200897 | 0.685  | -0.546970169204  |  -1.2523534894   | -0.532411708572 |  0.218376909489 |    -0.698   |
| 0.656 | 6.92782783508 | 0.656  | -0.455718135088  |  -1.4394862734   | -0.445165339425 |  0.158291934945 |    -0.594   |
| 0.623 | 7.00380802155 | 0.623  | -0.434323756448  |  -1.43441382321  | -0.424230812338 |  0.15139416165  |    -0.569   |
|  0.59 | 7.05769300461 |  0.59  | -0.612415521437  | -0.963398182031  | -0.591226099353 |  0.317841331269 |    -0.766   |
| 0.561 | 7.12313079834 | 0.561  | -0.443168975392  |  -1.26588283736  | -0.431499412662 |  0.175043440954 |    -0.578   |
| 0.529 | 7.18769478798 | 0.529  | -0.495632320412  |  -1.06732345372  | -0.480153341393 |  0.232184685291 |    -0.636   |
|  0.5  | 7.25213384628 |  0.5   | -0.450037613263  |  -1.11101824662  | -0.436535356373 |  0.202533853352 |    -0.584   |
| 0.471 | 7.31694197655 | 0.471  | -0.447474720868  |  -1.05257342602  |  -0.43330390517 |  0.212562235474 |    -0.58    |
| 0.439 | 7.38183283806 | 0.439  | -0.493135693606  | -0.890221506357  | -0.474670787584 |  0.276973590328 |    -0.63    |
| 0.411 | 7.44673395157 | 0.411  | -0.431425571699  | -0.952655630452  | -0.416330030424 |  0.226433119119 |    -0.559   |
| 0.384 | 7.51286101341 | 0.384  | -0.408304848985  | -0.940473768446  | -0.393833247448 |  0.217074023053 |    -0.532   |
| 0.353 | 7.57708001137 | 0.353  | -0.482723196982  | -0.731267944459  | -0.460719260731 |  0.330059043775 |    -0.613   |
| 0.326 | 7.64142680168 | 0.326  | -0.419601348698  | -0.776927912677  | -0.401598762621 |  0.270038791149 |    -0.541   |
| 0.297 | 7.70602083206 | 0.297  | -0.448957896408  | -0.661531966308  | -0.426335764786 |  0.339331974321 |    -0.571   |
| 0.272 |  7.7718129158 | 0.272  | -0.379984924914  | -0.715817871094  | -0.362290250507 |  0.265420116107 |    -0.492   |
| 0.247 | 7.83690285683 | 0.247  | -0.384083924588  | -0.643088617325  | -0.364175630239 |  0.298624415237 |    -0.495   |
|  0.22 | 7.90193581581 |  0.22  | -0.415174096668  | -0.529898184317  | -0.389057501131 |  0.391748933055 |    -0.526   |
| 0.195 | 7.96823596954 | 0.195  | -0.377073032152  | -0.517141199112  | -0.352768062652 |  0.364574542504 |    -0.48    |
| 0.171 | 8.03144788742 | 0.171  | -0.379675238562  | -0.450384914875  |  -0.35157518266 |  0.42150083853  |    -0.479   |
| 0.144 | 8.09510588646 | 0.144  | -0.424141512579  | -0.339509328206  | -0.382498914733 |  0.624638967682 |    -0.517   |
| 0.121 | 8.16125583649 | 0.121  | -0.347694896072  |  -0.34800625884  | -0.314391386223 |  0.499552647747 |    -0.432   |
| 0.095 | 8.22536087036 | 0.095  | -0.405584373466  | -0.234229931465  | -0.347865536975 |  0.865782547367 |    -0.474   |
| 0.074 | 8.28989386559 | 0.074  | -0.325414928086  |  -0.22740198317  | -0.277714533752 |  0.715505915009 |    -0.384   |
| 0.051 | 8.35557484627 | 0.051  | -0.350177475443  | -0.145640435426  | -0.270030897464 |  1.20219866969  |    -0.374   |
| 0.028 | 8.42071986198 | 0.028  | -0.353058476493  | -0.0793069756549 | -0.204665276703 |  2.22589799685  |    -0.287   |
| 0.007 |  8.4852848053 | 0.007  | -0.325253905947  | -0.0215216477712 |  0.178508490881 |  7.55643595242  |    -0.01    |
| -0.01 | 8.55192279816 | -0.01  | -0.255109724508  | 0.0391988193288  | -0.472046296303 |  -3.25404857693 |    -0.627   |
+-------+---------------+--------+------------------+------------------+-----------------+-----------------+-------------+