start_height = 3
stop_height = 0.4
start_point = 12
v0 = -0.4
tau_dot = 0.5
buf_size = 12
order = 1
len(r) = 152

+--------+---------------+--------+------------------+------------------+------------------+------------------+-------------+
|   r    |       t       | r_filt |        v         |       tau        |      v_need      |      a_need      | cmnd,marker |
+--------+---------------+--------+------------------+------------------+------------------+------------------+-------------+
| 2.616  | 9.12582015991 | 2.616  |       0.0        |       0.0        |       0.0        |       0.0        |    -0.539   |
| 2.614  | 9.19000220299 | 2.614  | -0.0311613638981 |  -83.8859302997  |       0.0        |       0.0        |    -0.539   |
| 2.612  | 9.25747013092 | 2.612  | -0.0296437145957 |  -88.1131138802  |       0.0        |       0.0        |    -0.539   |
| 2.609  | 9.32016301155 | 2.609  | -0.047852323419  |  -54.5219085217  |       0.0        |       0.0        |    -0.539   |
| 2.599  | 9.38472008705 | 2.599  | -0.154901688505  |  -16.7783839226  |       0.0        |       0.0        |    -0.539   |
| 2.577  | 9.52276420593 | 2.577  | -0.159369339153  |  -16.1699861071  |       0.0        |       0.0        |    -0.539   |
| 2.556  |  9.5804669857 | 2.556  | -0.363933940163  |  -7.02325262342  |       0.0        |       0.0        |    -0.539   |
| 2.545  | 9.64598608017 | 2.545  | -0.167889988246  |  -15.1587359472  |       0.0        |       0.0        |    -0.539   |
| 2.518  | 9.71182513237 | 2.518  | -0.410090958142  |  -6.14010123853  |       0.0        |       0.0        |    -0.539   |
| 2.484  | 9.77503800392 | 2.484  | -0.537865139892  |  -4.61825802747  |       0.0        |       0.0        |    -0.539   |
| 2.456  | 9.83969211578 | 2.456  | -0.433073770462  |  -5.67108924048  |       0.0        |       0.0        |    -0.539   |
| 2.427  | 9.90528106689 | 2.427  | -0.442147640858  |  -5.48911670159  |       0.0        |       0.0        |    -0.539   |
| 2.395  | 9.97037005424 | 2.395  | -0.491634626726  |  -4.87150389701  | -0.488270609938  | 0.0504602518154  |    -0.646   |
| 2.365  | 10.0359401703 | 2.365  | -0.457525498053  |  -5.16911081473  | -0.454575116356  | 0.0442557254479  |    -0.606   |
| 2.339  | 10.1008570194 | 2.339  | -0.400512353047  |  -5.84001962038  | -0.398226331315  | 0.0342903259819  |    -0.537   |
| 2.305  | 10.1658110619 | 2.305  | -0.523447020779  |  -4.40350199447  | -0.519484666715  |  0.059435310968  |    -0.683   |
| 2.272  | 10.2300620079 | 2.272  |  -0.51361111441  |  -4.42358028527  | -0.509740862402  | 0.0580537801155  |    -0.671   |
|  2.24  | 10.2950501442 |  2.24  | -0.492397564018  |  -4.54916954041  | -0.488789597336  | 0.0541195002345  |    -0.647   |
| 2.217  | 10.3606450558 | 2.217  | -0.350636954112  |  -6.32277908533  | -0.348788415943  | 0.0277280725279  |    -0.475   |
| 2.186  | 10.4257349968 | 2.186  | -0.476264066489  |  -4.58989068001  | -0.472805276294  | 0.0518818529343  |    -0.628   |
| 2.151  | 10.4911181927 | 2.151  | -0.535305739196  |  -4.01826440947  | -0.530865134293  |  0.066609073551  |    -0.696   |
| 2.116  | 10.5550820827 | 2.116  | -0.547183730673  |   -3.86707404    | -0.542467126466  | 0.0707490631176  |    -0.71    |
| 2.085  | 10.6202352047 | 2.085  | -0.475802219035  |  -4.38207287942  | -0.472182910455  | 0.0542896286902  |    -0.627   |
| 2.054  | 10.6858401299 | 2.054  | -0.472525499061  |  -4.34685536354  | -0.468901994561  | 0.0543525674933  |    -0.623   |
| 2.018  | 10.7520329952 | 2.018  | -0.543865260974  |  -3.71047784222  | -0.538979409932  | 0.0732877656329  |    -0.706   |
| 1.986  |  10.815775156 | 1.986  | -0.502022516963  |  -3.95599785447  | -0.497792463127  | 0.0634508075371  |    -0.657   |
| 1.957  | 10.8814060688 | 1.957  | -0.441864950086  |  -4.42895504524  | -0.438539372943  | 0.0498836571576  |    -0.586   |
| 1.923  | 10.9456131458 | 1.923  | -0.529536642605  |  -3.63147673887  | -0.524676024545  | 0.0729092708947  |    -0.689   |
|  1.89  | 11.0098831654 |  1.89  | -0.513458689459  |  -3.68091930043  | -0.508808957082  | 0.0697459856563  |    -0.67    |
| 1.859  | 11.0759739876 | 1.859  | -0.469051510615  |  -3.96331737118  | -0.465106570331  | 0.0591741042523  |    -0.618   |
| 1.827  | 11.1408960819 | 1.827  |  -0.49289845503  |  -3.70664582402  | -0.488465890042  | 0.0664884748141  |    -0.646   |
|  1.8   |  11.206084013 |  1.8   | -0.414187098143  |  -4.34586207072  | -0.411010228656  | 0.0476530422966  |    -0.553   |
| 1.764  | 11.2708141804 | 1.764  | -0.556154903535  |  -3.17177820206  | -0.550310075933  | 0.0876724140381  |    -0.719   |
| 1.729  |  11.337387085 | 1.729  | -0.525739416317  |  -3.28870148659  | -0.520410672653  | 0.0799311549652  |    -0.684   |
| 1.696  | 11.4018230438 | 1.696  | -0.512136399964  |  -3.31161776456  | -0.506981453184  | 0.0773242017006  |    -0.668   |
| 1.664  | 11.4662241936 | 1.664  | -0.496885538913  |  -3.34885978699  | -0.491939720828  | 0.0741872712682  |    -0.65    |
| 1.633  | 11.5312111378 | 1.633  | -0.477018890214  |  -3.42334451214  | -0.472374125535  | 0.0696714701839  |    -0.627   |
| 1.598  | 11.5961921215 | 1.598  | -0.538619115759  |  -2.96684605735  |  -0.53256758151  | 0.0907730137236  |    -0.698   |
| 1.565  | 11.6612269878 | 1.565  | -0.507420124938  |   -3.084229267   | -0.501936095477  | 0.0822604419143  |    -0.662   |
| 1.533  | 11.7265400887 | 1.533  | -0.489947646043  |  -3.12890573591  | -0.484728061441  | 0.0782937690356  |    -0.642   |
| 1.501  | 11.7911310196 | 1.501  | -0.495425588932  |  -3.02971835434  | -0.489974855773  | 0.0817609973914  |    -0.648   |
|  1.47  | 11.8565092087 |  1.47  |  -0.47416425008  |  -3.10019154702  | -0.469066024773  | 0.0764733796103  |    -0.623   |
| 1.438  | 11.9220330715 | 1.438  | -0.488371695649  |  -2.94447858632  | -0.482843023578  | 0.0829300810538  |    -0.64    |
| 1.405  | 11.9863979816 | 1.405  | -0.512701717994  |  -2.7403848099   | -0.506465346662  | 0.0935455699766  |    -0.668   |
| 1.375  | 12.0517451763 | 1.375  | -0.459086272192  |  -2.99507975578  | -0.453976933881  |  0.07664007466   |    -0.605   |
| 1.343  | 12.1169350147 | 1.343  | -0.490874050017  |  -2.73593603075  | -0.484893475855  | 0.0897086124275  |    -0.642   |
| 1.314  | 12.1822891235 | 1.314  | -0.443736446382  |  -2.9612172061   | -0.438741468354  | 0.0749246704139  |    -0.587   |
| 1.287  | 12.2480452061 | 1.287  | -0.410608402435  |  -3.13437326749  |  -0.40624167723  | 0.0655008780693  |    -0.547   |
| 1.258  | 12.3115019798 | 1.258  | -0.457004008912  |  -2.75271108233  |  -0.45147002205  | 0.0830098029259  |    -0.602   |
|  1.23  | 12.3764669895 |  1.23  | -0.431001244114  |  -2.8538200685   | -0.425967041609  | 0.0755130375724  |    -0.571   |
|  1.21  | 12.4423789978 |  1.21  | -0.303434844731  |  -3.98767650127  | -0.300898406576  | 0.0380465723127  |    -0.414   |
| 1.187  |  12.506772995 | 1.187  | -0.357176149996  |  -3.32329020293  | -0.353593594474  | 0.0537383328246  |    -0.481   |
| 1.158  | 12.5718021393 | 1.158  |  -0.44595389218  |  -2.59668100291  | -0.440229226839  |  0.085869980117  |    -0.588   |
| 1.132  | 12.6367170811 | 1.132  | -0.400524121011  |  -2.8262966963   | -0.395800340931  | 0.0708567011977  |    -0.534   |
| 1.108  | 12.7024710178 | 1.108  | -0.364997157278  |  -3.03564008077  | -0.360989247386  | 0.0601186483849  |    -0.491   |
| 1.085  | 12.7668440342 | 1.085  | -0.357292562963  |  -3.03672707599  | -0.353370658952  | 0.0588285601607  |    -0.481   |
| 1.062  | 12.8321402073 | 1.062  | -0.352241163755  |  -3.01497981859  | -0.348346818575  | 0.0584151777042  |    -0.475   |
| 1.039  | 12.8979520798 | 1.039  | -0.349481015089  |  -2.97297980474  | -0.345562600591  | 0.0587762174723  |    -0.471   |
| 1.018  | 12.9629089832 | 1.018  | -0.323291272862  |  -3.14886322476  | -0.319868966146  | 0.0513346007411  |    -0.439   |
| 0.997  | 13.0269701481 | 0.997  | -0.327811710062  |  -3.04138006483  | -0.324218914433  | 0.0538919344302  |    -0.444   |
| 0.977  | 13.0919520855 | 0.977  | -0.307777834851  |  -3.1743676424   | -0.304545927801  | 0.0484786057449  |    -0.419   |
| 0.956  | 13.1577780247 | 0.956  | -0.319023173267  |  -2.99664751689  | -0.315474505726  | 0.0532300131179  |    -0.433   |
| 0.938  | 13.2231371403 | 0.938  | -0.275401523331  |  -3.40593613519  | -0.272706214197  |  0.040429637022  |    -0.378   |
|  0.92  | 13.2872409821 |  0.92  | -0.280794403264  |  -3.27641857995  | -0.277937682362  |  0.042850813535  |    -0.384   |
| 0.901  | 13.3535990715 | 0.901  | -0.286325301984  |  -3.1467704522   | -0.283292295008  | 0.0454951046372  |    -0.391   |
| 0.884  | 13.4180371761 | 0.884  | -0.263819057028  |  -3.35078144073  | -0.261194603979  | 0.0393667957301  |    -0.362   |
| 0.867  | 13.4830851555 | 0.867  | -0.261345550909  |  -3.3174469471   | -0.258719580244  | 0.0393895599653  |    -0.359   |
|  0.85  | 13.5478620529 |  0.85  |  -0.26243924415  |  -3.23884487152  | -0.259738288978  | 0.0405143275705  |    -0.361   |
| 0.834  | 13.6131072044 | 0.834  | -0.245228950003  |  -3.40090352297  |  -0.24282538334  | 0.0360534999519  |    -0.338   |
| 0.819  | 13.6782851219 | 0.819  |  -0.23013929533  |  -3.55871429443  | -0.227983654497  | 0.0323346124876  |    -0.318   |
| 0.803  | 13.7420740128 | 0.803  | -0.250827374323  |  -3.20140495896  | -0.248215735812  | 0.0391745776523  |    -0.345   |
| 0.791  | 13.8082301617 | 0.791  | -0.181389034846  |  -4.36079281569  | -0.180002520646  | 0.0207977129977  |    -0.253   |
| 0.777  | 13.8727631569 | 0.777  | -0.216943285391  |  -3.58158123493  |  -0.21492422108  | 0.0302859646565  |    -0.301   |
| 0.764  | 13.9386022091 | 0.764  | -0.197451202068  |  -3.86931045239  | -0.195750199573  | 0.0255150374334  |    -0.275   |
| 0.751  | 14.0026981831 | 0.751  | -0.202820851219  |  -3.70277511157  | -0.200995005782  | 0.0273876815507  |    -0.282   |
| 0.736  | 14.0707621574 | 0.736  | -0.220380901006  |  -3.33967234294  | -0.218181275031  |  0.032994389625  |    -0.305   |
| 0.724  | 14.1333651543 | 0.724  | -0.191684114314  |  -3.77704747518  |  -0.18999245687  | 0.0253748616576  |    -0.267   |
| 0.714  | 14.1985690594 | 0.714  | -0.153365047443  |  -4.65555882454  | -0.152266969116  |  0.016471174914  |    -0.215   |
| 0.701  | 14.2628509998 | 0.701  | -0.202234094163  |  -3.4662800202   | -0.200289318659  | 0.0291716325548  |    -0.281   |
| 0.692  | 14.3276991844 | 0.692  | -0.138785689338  |  -4.98610485925  | -0.137857872981  | 0.0139172453504  |    -0.195   |
| 0.682  | 14.3936161995 | 0.682  | -0.151705898523  |  -4.49554042816  |  -0.15058103637  | 0.0168729322922  |    -0.213   |
| 0.672  | 14.4576690197 | 0.672  | -0.156121150761  |  -4.30434951782  | -0.154912132224  | 0.0181352780617  |    -0.219   |
| 0.661  | 14.5230431557 | 0.661  |  -0.16826226208  |  -3.92839126153  | -0.166834516803  | 0.0214161791529  |    -0.235   |
| 0.651  | 14.5892500877 | 0.651  | -0.151041585642  |  -4.31007127762  | -0.149873456579  | 0.0175219359394  |    -0.212   |
| 0.642  | 14.6531300545 | 0.642  | -0.140889240554  |  -4.55677096049  | -0.139858618637  | 0.0154593287412  |    -0.198   |
| 0.633  | 14.7184481621 | 0.633  | -0.137787212918  |  -4.59404023488  | -0.136787459572  | 0.0149963001926  |    -0.193   |
| 0.624  | 14.7831821442 | 0.624  | -0.139030532496  |  -4.48822275798  | -0.137997974324  | 0.0154883725689  |    -0.195   |
| 0.615  | 14.8501560688 | 0.615  | -0.134380657081  |  -4.57655151685  | -0.133401894967  | 0.0146814317053  |    -0.189   |
| 0.607  | 14.9135980606 | 0.607  | -0.126099445687  |  -4.81366112828  | -0.125226240294  | 0.0130980808917  |    -0.177   |
|  0.6   | 14.9775891304 |  0.6   | -0.109390263713  |  -5.48494883946  | -0.108725473169  | 0.00997185816264 |    -0.154   |
| 0.592  | 15.0435330868 | 0.592  | -0.121315135454  |  -4.87985277176  | -0.120486455156  |  0.012430204468  |    -0.17    |
| 0.583  | 15.1090290546 | 0.583  | -0.137413039205  |  -4.2426832517   | -0.136333431238  | 0.0161941195056  |    -0.193   |
| 0.575  |  15.17415905  | 0.575  | -0.122831269333  |  -4.6812184155   |  -0.12195663045  | 0.0131195832399  |    -0.173   |
| 0.565  | 15.2392551899 | 0.565  | -0.153618939835  |  -3.67793190479  | -0.152226681506  | 0.0208838749346  |    -0.215   |
| 0.558  | 15.3040261269 | 0.558  | -0.108073162562  |  -5.16316897529  | -0.107375444015  | 0.0104657781954  |    -0.152   |
| 0.549  | 15.3692860603 | 0.549  | -0.137910039456  |  -3.98085594177  | -0.136755262348  | 0.0173216566328  |    -0.193   |
| 0.541  |  15.434014082 | 0.541  | -0.123594075635  |  -4.37723246217  | -0.122652886754  | 0.0141178332089  |    -0.174   |
| 0.532  | 15.4989700317 | 0.532  | -0.138555436877  |  -3.83961836497  | -0.137352579165  | 0.0180428656844  |    -0.194   |
| 0.526  | 15.5675590038 | 0.526  | -0.0874776194631 |  -6.01296655337  | -0.0869926806857 | 0.00727408166058 |    -0.122   |
| 0.519  | 15.6301620007 | 0.519  |  -0.11181573335  |  -4.6415650504   | -0.111012730252  | 0.0120450464591  |    -0.157   |
| 0.508  | 15.6939001083 | 0.508  | -0.172581213973  |  -2.94354170019  | -0.170626865193  | 0.0293152317092  |    -0.241   |
| 0.499  | 15.7585811615 | 0.499  |  -0.13914430208  |  -3.58620505863  | -0.137850972969  | 0.0193999366748  |    -0.195   |
| 0.492  | 15.8246321678 | 0.492  | -0.105978703283  |  -4.64244215829  | -0.105217762527  | 0.0114141113307  |    -0.149   |
| 0.483  | 15.8898770809 | 0.483  | -0.137941788443  |  -3.5014770031   | -0.136628611287  | 0.0196976573488  |    -0.193   |
| 0.474  | 15.9542660713 | 0.474  | -0.139775448315  |  -3.39115349452  | -0.138401525955  |  0.020608835392  |    -0.196   |
| 0.468  | 16.0198991299 | 0.468  |  -0.09141734566  |  -5.11937856674  | -0.090822108403  | 0.00892855885418 |    -0.128   |
| 0.458  | 16.0853841305 | 0.458  | -0.152706725308  |  -2.99921302795  | -0.151009538703  | 0.0254577990767  |    -0.213   |
| 0.449  | 16.1488740444 | 0.449  | -0.141754799171  |  -3.16744126214  | -0.140263008296  | 0.0223768631269  |    -0.198   |
| 0.442  | 16.2169260979 | 0.442  | -0.102862436105  |  -4.29700108937  |  -0.10206449638  | 0.0119690958841  |    -0.144   |
| 0.431  | 16.2800841331 | 0.431  | -0.174166279105  |   -2.474646655   | -0.171820270383  | 0.0351901308321  |    -0.242   |
|  0.42  | 16.3443720341 |  0.42  |  -0.17110529107  |  -2.4546289444   | -0.168781718004  | 0.0348535959907  |    -0.238   |
| 0.412  | 16.4097921848 | 0.412  | -0.122286480655  |  -3.36913776398  | -0.121076611452  | 0.0181480380474  |    -0.171   |
| 0.402  | 16.4740560055 | 0.402  | -0.155608550801  |  -2.58340559006  | -0.153600754691  | 0.0301169416448  |    -0.217   |
| 0.393  | 16.5397791862 | 0.393  | -0.136937985874  |  -2.86991222699  | -0.135347484434  |  0.023857521597  |    -0.191   |
| 0.383  | 16.6049540043 | 0.383  | -0.153433493194  |  -2.49619553089  | -0.151384595297  | 0.0307334684513  |    -0.214   |
| 0.373  |  16.669752121 | 0.373  | -0.154325472896  |  -2.41696975231  | -0.152197112611  | 0.0319254042687  |    -0.215   |
| 0.364  | 16.7355611324 | 0.364  | -0.136759385993  |  -2.66160890791  | -0.135046645182  | 0.0256911121665  |    -0.191   |
| 0.354  | 16.8003430367 | 0.354  | -0.154364094732  |  -2.29327940941  | -0.152120377807  | 0.0336557538733  |    -0.215   |
| 0.343  |  16.864590168 | 0.343  | -0.171213870087  |  -2.00334236839  | -0.168365066461  | 0.0427320543878  |    -0.237   |
| 0.334  | 16.9310400486 | 0.334  | -0.135440423952  |  -2.46602890227  | -0.133609674606  |  0.02746124018   |    -0.189   |
| 0.323  | 16.9951930046 | 0.323  | -0.171465208844  |  -1.8837640719   | -0.168431120315  | 0.0455113279315  |    -0.238   |
| 0.313  | 17.0604300499 | 0.313  | -0.153287138555  |  -2.04191951752  | -0.150784801298  | 0.0375350588601  |    -0.213   |
| 0.303  | 17.1260330677 | 0.303  | -0.152432012037  |  -1.98777143955  | -0.149875849408  | 0.0383424394283  |    -0.212   |
| 0.292  | 17.1892859936 | 0.292  | -0.173904998832  |  -1.67907766862  | -0.170452607437  | 0.0517858709222  |    -0.24    |
| 0.283  | 17.2548751831 | 0.283  | -0.137217734577  |  -2.06241562631  | -0.134999983496  | 0.0332662662236  |    -0.191   |
| 0.272  | 17.3203341961 | 0.272  | -0.168044085884  |  -1.61862286654  | -0.164583446816  | 0.0519095860308  |    -0.232   |
| 0.261  | 17.3855791092 | 0.261  | -0.168595519208  |  -1.54808384722  | -0.164965321367  |  0.054452967619  |    -0.233   |
| 0.249  | 17.4504489899 | 0.249  | -0.184985695594  |  -1.34605002403  | -0.180404744111  | 0.0687142722377  |    -0.254   |
| 0.237  | 17.5154891014 | 0.237  | -0.184501528604  |  -1.28454220295  | -0.179713791043  | 0.0718160634115  |    -0.253   |
| 0.226  | 17.5803971291 | 0.226  | -0.169470563171  |  -1.3335649317   | -0.165234534885  | 0.0635404242955  |    -0.233   |
| 0.215  |  17.645430088 | 0.215  | -0.169145002346  |  -1.27109874379  | -0.164709338498  |  0.066534957718  |    -0.232   |
| 0.204  | 17.7101521492 | 0.204  | -0.169957504494  |  -1.20030004328  | -0.165237642838  | 0.0707979248379  |    -0.233   |
| 0.193  | 17.7753322124 | 0.193  | -0.168763260603  |  -1.14361383698  | -0.163844255745  | 0.0737850728741  |    -0.231   |
| 0.183  |  17.841725111 | 0.183  | -0.150618518199  |  -1.21499004364  | -0.146486289051  | 0.0619834372256  |    -0.207   |
| 0.173  | 17.9054141045 | 0.173  | -0.157013001112  |  -1.10181958675  | -0.152262888873  | 0.0712516835784  |    -0.215   |
| 0.162  | 17.9701280594 | 0.162  | -0.169978793796  | -0.953060063449  | -0.164033775207  |  0.089175278828  |    -0.231   |
| 0.151  | 18.0353631973 | 0.151  |  -0.16862078241  | -0.895500529896  | -0.162344188975  | 0.0941489015255  |    -0.229   |
|  0.14  | 18.1010739803 |  0.14  | -0.167400227132  | -0.836319056424  | -0.160728123312  |  0.100081557299  |    -0.227   |
| 0.128  | 18.1668801308 | 0.128  | -0.182353775755  | -0.701932271322  | -0.173694166502  |  0.129894138798  |    -0.245   |
| 0.117  | 18.2309951782 | 0.117  | -0.171566589072  | -0.681950959292  | -0.163180522267  |  0.125791002076  |    -0.23    |
| 0.106  | 18.2967410088 | 0.106  | -0.167310990071  | -0.633550730619  | -0.158508170134  |  0.13204229905   |    -0.224   |
| 0.095  | 18.3608901501 | 0.095  | -0.171475405206  | -0.554015311328  | -0.161158277279  |  0.154756918897  |    -0.227   |
| 0.085  | 18.4260020256 | 0.085  | -0.153581814653  | -0.553450942039  | -0.144331864147  |  0.138749257601  |    -0.204   |
| 0.074  | 18.4917531013 | 0.074  | -0.167297643049  | -0.442325418646  | -0.154690209999  |  0.189111495741  |    -0.218   |
| 0.064  | 18.5562450886 | 0.064  | -0.155058022396  | -0.412748718262  |  -0.14253563161  |  0.187835861791  |    -0.202   |
| 0.054  | 18.6211161613 | 0.054  | -0.154151913528  | -0.350303792953  | -0.139483510785  |  0.220026041152  |    -0.197   |
| 0.044  | 18.6875860691 | 0.044  | -0.150444018006  | -0.292467594147  |  -0.13329750092  |  0.257197756293  |    -0.189   |
| 0.036  |  18.752010107 | 0.036  | -0.124177252104  |  -0.2899081707   | -0.109899483641  |  0.214166526945  |    -0.155   |
| 0.025  | 18.8165822029 | 0.025  | -0.170352221832  | -0.146754763343  | -0.131659049188  |  0.580397589665  |    -0.186   |
| 0.017  | 18.8835110664 | 0.017  | -0.119529894557  | -0.142223834991  | -0.0915153931985 |  0.420217520376  |    -0.129   |
| 0.008  | 18.9462840557 | 0.008  | -0.143373767989  | -0.0557982126872 | -0.057723612375  |  1.28475233421   |    -0.08    |
| -0.001 | 19.0117170811 | -0.001 | -0.137545222011  | 0.00727033615112 | -0.768168158612  |  -9.45934404901  |    -0.962   |
+--------+---------------+--------+------------------+------------------+------------------+------------------+-------------+